749
290
870
312
837
577
200
508
773
844
851
822
262
546
770
359
597
929
657
536
781
839
207
374
847
977
465
128
452
885
840
761
179
584
928
620
265
688
243
206
478
403
314
505
526
308
594
861
747
736
462
721
552
495
935
346
856
451
407
631
372
918
903
782
937
525
712
780
436
434
522
205
535
567
786
320
949
815
942
409
178
955
148
539
571
555
194
388
683
287
432
162
351
487
261
254
650
646
240
802
402
763
103
997
926
418
442
656
401
598
734
399
157
251
625
621
699
237
751
966
211
192
249
775
958
809
506
242
267
819
834
715
431
899
519
459
663
911
643
687
517
464
759
829
489
729
422
575
154
737
954
768
730
585
463
595
962
169
956
124
235
629
999
869
365
439
333
316
738
568
711
456
769
845
565
735
416
303
655
948
186
515
576
630
231
642
369
681
589
968
419
533
130
776
969
125
860
836
818
787
895
772
792
951
449
946
191
274
509
647
628
120
119
298
457
606
299
158
387
391
512
877
950
984
854
204
253
396
693
588
309
989
561
554
765
714
675
633
405
872
184
123
196
327
276
994
220
538
250
700
810
917
476
266
667
504
321
190
202
492
537
208
198
857
182
248
188
603
993
108
821
252
905
469
867
889
826
757
482
882
978
557
234
879
183
808
556
390
420
259
596
371
514
689
172
716
377
694
893
686
518
720
343
483
979
443
542
796
453
137
392
210
424
961
701
661
165
919
141
485
698
904
713
311
992
364
852
166
724
894
963
652
345
943
777
338
985
941
468
785
350
479
592
874
682
258
665
133
269
498
445
152
583
398
679
163
702
358
975
707
827
637
976
813
732
756
925
524
301
161
221
352
223
540
790
970
367
381
778
680
105
727
581
480
126
484
115
767
413
862
217
114
435
944
344
467
334
590
475
454
300
988
203
725
270
305
284
952
983
908
507
370
939
362
297
804
385
477
605
613
897
842
280
527
697
604
458
110
357
709
175
871
560
876
147
805
930
563
817
472
411
627
336
615
129
341
529
923
275
934
315
864
967
974
828
635
143
924
394
614
945
400
348
624
136
528
117
201
471
932
149
444
953
414
389
573
639
155
611
116
587
685
982
516
337
543
947
142
748
617
779
728
744
256
150
461
632
447
236
907
695
134
811
423
187
177
799
230
684
898
511
227
268
981
185
100
122
726
783
662
676
376
990
705
880
600
636
339
417
858
319
789
569
145
215
638
916
641
971
410
167
570
964
279
491
502
291
164
450
634
719
427
814
306
544
466
361
878
838
750
106
283
696
111
812
771
887
488
193
310
330
717
213
921
277
218
520
212
649
825
764
733
855
174
806
216
607
654
752
754
373
412
534
602
473
438
807
758
332
241
692
706
901
800
745
360
214
239
347
863
135
112
493
609
285
910
278
368
382
295
708
153
160
180
260
379
957
226
548
996
170
307
795
580
753
547
562
760
550
593
980
599
558
317
286
740
645
651
551
648
896
674
927
131
460
521
824
257
803
849
866
189
972
793
618
669
354
331
132
140
531
881
888
356
406
446
755
703
532
843
658
109
281
890
671
415
677
176
678
788
393
326
666
127
672
619
830
293
255
933
746
987
386
850
722
272
820
801
743
549
146
318
622
219
486
566
282
798
664
991
673
246
564
474
846
668
395
228
437
640
578
440
375
324
915
225
865
884
831
610
195
245
209
582
323
723
873
384
159
553
659
342
380
906
144
853
363
530
292
739
660
433
383
704
965
868
426
892
510
914
848
523
731
173
355
623
199
470
859
791
264
973
428
766
232
296
626
168
102
289
920
909
579
883
644
156
823
294
513
421
574
151
774
139
378
328
222
886
913
559
794
718
113
408
500
313
429
742
101
441
938
912
233
325
104
329
710
288
960
816
784
273
404
922
541
490
494
366
986
503
340
612
244
397
998
608
835
762
322
238
271
501
304
302
224
572
797
138
197
601
653
995
936
263
481
181
586
496
229
455
902
841
691
616
247
959
833
931
425
690
353
900
335
832
171
891
591
107
875
430
118
497
545
670
448
741
349
499
940
121
